SaveFileVersion|2
TBSettings|Off|0|On|Off|On|Off|Off|Off|On|Off|Off|Off|On|0|0|0|0|1
ModelName|
ModelShortName|YourShortName
ModelClassName|YourClassName
ModelType|Plane
TexName|E:\Art Files\Graphic Design\PaintTool Sai Digital Art\Textures\0-8-0 Brigadelok\Brig Practice.png
TexSizeX|256
TexSizeY|256
AllowHD|On
ActiveSkin|1
SkinNames|0|0|0|
ModelScale|1
ModelAuthor|
ModelInfo|
ModelDate1|13.06.2017 - 17:47:26
ModelDate2|09.08.2017 - 18:34:15
ModelLock|0
ModelPassword|
Group|0|Standard
Group|1|Import
Group|0|Standard
Group|1|Import
Group|0|Standard
Group|1|Import
Element|0|428014719|Box 0|0|Box|-25|-8,5|-1,5|32|10|3|0|0|0|0|0|0|1|1|0|0|0|0|0|0|0|0|0|0|0|0|0|0|0|0|0|0|0|0|0|0|0|0|MR_TOP|0|MR_TOP|0|0|0|0|MR_TOP|0|0|0|0|0|0|0|0|0|0|0|0|0|0|0|0|0|0|0|0|0|0|0|0|0|0|0|0|0|0|0|0|0|0|0|0|0|0|0|0|0|0|0|0|0|0|1|0|0|0|0|0|0|0|0|0|0|0
Element|0|121639263|Box 2|0|Box|-25|-7,5|-3|32|8|6|0|0|0|0|0|0|73|1|0|0|0|0|0|0|0|0|0|0|0|0|0|0|0|0|0|0|0|0|0|0|0|0|MR_TOP|0|MR_TOP|0|0|0|0|MR_TOP|0|0|0|0|0|0|0|0|0|0|0|0|0|0|0|0|0|0|0|0|0|0|0|0|0|0|0|0|0|0|0|0|0|0|0|0|0|0|0|0|0|0|0|0|0|0|1|0|0|0|0|0|0|0|0|0|0|0
Element|0|220477945|Box 3|0|Box|-25|-6,5|-4|32|6|8|0|0|0|0|0|0|153|1|0|0|0|0|0|0|0|0|0|0|0|0|0|0|0|0|0|0|0|0|0|0|0|0|MR_TOP|0|MR_TOP|0|0|0|0|MR_TOP|0|0|0|0|0|0|0|0|0|0|0|0|0|0|0|0|0|0|0|0|0|0|0|0|0|0|0|0|0|0|0|0|0|0|0|0|0|0|0|0|0|0|0|0|0|0|1|0|0|0|0|0|0|0|0|0|0|0
Element|0|2085572495|Box 4|0|Box|-25|-5|-5|32|3|10|0|0|0|0|0|0|1|17|0|0|0|0|0|0|0|0|0|0|0|0|0|0|0|0|0|0|0|0|0|0|0|0|MR_TOP|0|MR_TOP|0|0|0|0|MR_TOP|0|0|0|0|0|0|0|0|0|0|0|0|0|0|0|0|0|0|0|0|0|0|0|0|0|0|0|0|0|0|0|0|0|0|0|0|0|0|0|0|0|0|0|0|0|0|1|0|0|0|0|0|0|0|0|0|0|0
Element|0|1331508911|Box 5|0|Box|-23|-5|-9|8|6|18|0|0|0|0|0|0|72|16|0|0|0|0|0|0|0|0|0|0|0|0|0|0|0|0|0|0|0|0|0|0|0|0|MR_TOP|0|MR_TOP|0|0|0|0|MR_TOP|0|0|0|0|0|0|0|0|0|0|0|0|0|0|0|0|0|0|0|0|0|0|0|0|0|0|0|0|0|0|0|0|0|0|0|0|0|0|0|0|0|0|0|0|0|0|1|0|0|0|0|0|0|0|0|0|0|0
Element|0|32145582|Box 6|0|Box|-15|-6|-9|22|7|18|0|0|0|0|0|0|128|17|0|0|0|0|0|0|0|0|0|0|0|0|0|0|0|0|0|0|0|0|0|0|0|0|MR_TOP|0|MR_TOP|0|0|0|0|MR_TOP|0|0|0|0|0|0|0|0|0|0|0|0|0|0|0|0|0|0|0|0|0|0|0|0|0|0|0|0|0|0|0|0|0|0|0|0|0|0|0|0|0|0|0|0|0|0|1|0|0|0|0|0|0|0|0|0|0|0
Element|0|1298316234|Box 7|0|Box|-15|-7,5|-7,5|2|3|3|0|0|0|0|0|0|233|1|0|0|0|0|0|0|0|0|0|0|0|0|0|0|0|0|0|0|0|0|0|0|0|0|MR_TOP|0|MR_TOP|0|0|0|0|MR_TOP|0|0|0|0|0|0|0|0|0|0|0|0|0|0|0|0|0|0|0|0|0|0|0|0|0|0|0|0|0|0|0|0|0|0|0|0|0|0|0|0|0|0|0|0|0|0|1|0|0|0|0|0|0|0|0|0|0|0
Element|0|1291258845|Box 8|0|Box|-15,5|-7,5|-7|3|3|2|0|0|0|0|0|0|145|1|0|0|0|0|0|0|0|0|0|0|0|0|0|0|0|0|0|0|0|0|0|0|0|0|MR_TOP|0|MR_TOP|0|0|0|0|MR_TOP|0|0|0|0|0|0|0|0|0|0|0|0|0|0|0|0|0|0|0|0|0|0|0|0|0|0|0|0|0|0|0|0|0|0|0|0|0|0|0|0|0|0|0|0|0|0|1|0|0|0|0|0|0|0|0|0|0|0
Element|0|247618846|Box 9|0|Box|-6,5|-8,5|-7,5|2|3|3|0|0|0|0|0|0|241|9|0|0|0|0|0|0|0|0|0|0|0|0|0|0|0|0|0|0|0|0|0|0|0|0|MR_TOP|0|MR_TOP|0|0|0|0|MR_TOP|0|0|0|0|0|0|0|0|0|0|0|0|0|0|0|0|0|0|0|0|0|0|0|0|0|0|0|0|0|0|0|0|0|0|0|0|0|0|0|0|0|0|0|0|0|0|1|0|0|0|0|0|0|0|0|0|0|0
Element|0|535071383|Box 10|0|Box|-7|-8,5|-7|3|3|2|0|0|0|0|0|0|113|17|0|0|0|0|0|0|0|0|0|0|0|0|0|0|0|0|0|0|0|0|0|0|0|0|MR_TOP|0|MR_TOP|0|0|0|0|MR_TOP|0|0|0|0|0|0|0|0|0|0|0|0|0|0|0|0|0|0|0|0|0|0|0|0|0|0|0|0|0|0|0|0|0|0|0|0|0|0|0|0|0|0|0|0|0|0|1|0|0|0|0|0|0|0|0|0|0|0
Element|0|1277264524|Box 11|0|Box|-6|-9,5|-6,5|1|1|1|0|0|0|0|0|0|73|1|0|0|0|0|0|0|0|0|0|0|0|0|0|0|0|0|0|0|0|0|0|0|0|0|MR_TOP|0|MR_TOP|0|0|0|0|MR_TOP|0|0|0|0|0|0|0|0|0|0|0|0|0|0|0|0|0|0|0|0|0|0|0|0|0|0|0|0|0|0|0|0|0|0|0|0|0|0|0|0|0|0|0|0|0|0|1|0|0|0|0|0|0|0|0|0|0|0
Element|0|1420182829|Box 12|0|Box|-6,5|-10,5|-7|2|1|2|0|0|0|0|0|0|1|17|0|0|0|0|0|0|0|0|0|0|0|0|0|0|0|0|0|0|0|0|0|0|0|0|MR_TOP|0|MR_TOP|0|0|0|0|MR_TOP|0|0|0|0|0|0|0|0|0|0|0|0|0|0|0|0|0|0|0|0|0|0|0|0|0|0|0|0|0|0|0|0|0|0|0|0|0|0|0|0|0|0|0|0|0|0|1|0|0|0|0|0|0|0|0|0|0|0
Element|0|2084276034|Box 13|0|Box|-2|-6,5|-7,5|4|1|3|0|0|0|0|0|0|129|17|0|0|0|0|0|0|0|0|0|0|0|0|0|0|0|0|0|0|0|0|0|0|0|0|MR_TOP|0|MR_TOP|0|0|0|0|MR_TOP|0|0|0|0|0|0|0|0|0|0|0|0|0|0|0|0|0|0|0|0|0|0|0|0|0|0|0|0|0|0|0|0|0|0|0|0|0|0|0|0|0|0|0|0|0|0|1|0|0|0|0|0|0|0|0|0|0|0
Element|0|45807057|Box 14|0|Box|3|-6,5|-7,5|4|1|3|0|0|0|0|0|0|193|17|0|0|0|0|0|0|0|0|0|0|0|0|0|0|0|0|0|0|0|0|0|0|0|0|MR_TOP|0|MR_TOP|0|0|0|0|MR_TOP|0|0|0|0|0|0|0|0|0|0|0|0|0|0|0|0|0|0|0|0|0|0|0|0|0|0|0|0|0|0|0|0|0|0|0|0|0|0|0|0|0|0|0|0|0|0|1|0|0|0|0|0|0|0|0|0|0|0
Element|0|1203710953|Box 15|0|Box|-24|-9|-1,5|3|1|3|0|0|0|0|0|0|209|17|0|0|0|0|0|0|0|0|0|0|0|0|0|0|0|0|0|0|0|0|0|0|0|0|MR_TOP|0|MR_TOP|0|0|0|0|MR_TOP|0|0|0|0|0|0|0|0|0|0|0|0|0|0|0|0|0|0|0|0|0|0|0|0|0|0|0|0|0|0|0|0|0|0|0|0|0|0|0|0|0|0|0|0|0|0|1|0|0|0|0|0|0|0|0|0|0|0
Element|0|1894508069|Box 16|0|Box|-23,5|-21,5|-1|2|13|2|0|0|0|0|0|0|225|17|0|0|0|0|0|0|0|0|0|0|0|0|0|0|0|0|0|0|0|0|0|0|0|0|MR_TOP|0|MR_TOP|0|0|0|0|MR_TOP|0|0|0|0|0|0|0|0|0|0|0|0|0|0|0|0|0|0|0|0|0|0|0|0|0|0|0|0|0|0|0|0|0|0|0|0|0|0|0|0|0|0|0|0|0|0|1|0|0|0|0|0|0|0|0|0|0|0
Element|0|196704300|Box 17|0|Box|-24|-27|-1,5|3|6|3|0|0|0|0|0|0|241|17|0|0|0|0|0|0|0|0|0|0|0|0|0|0|0|0|0|0|0|0|0|0|0|0|MR_TOP|0|MR_TOP|0|0|0|0|MR_TOP|0|0|0|0|0|0|0|0|0|0|0|0|0|0|0|0|0|0|0|0|0|0|0|0|0|0|0|0|0|0|0|0|0|0|0|0|0|0|0|0|0|0|0|0|0|0|1|0|0|0|0|0|0|0|0|0|0|0
Element|0|1204639930|Box 18|0|Box|-18|-16,5|-1|5|9|2|0|0|0|0|0|0|209|25|0|0|0|0|0|0|0|0|0|0|0|0|0|0|0|0|0|0|0|0|0|0|0|0|MR_TOP|0|MR_TOP|0|0|0|0|MR_TOP|0|0|0|0|0|0|0|0|0|0|0|0|0|0|0|0|0|0|0|0|0|0|0|0|0|0|0|0|0|0|0|0|0|0|0|0|0|0|0|0|0|0|0|0|0|0|1|0|0|0|0|0|0|0|0|0|0|0
Element|0|1079904835|Box 19|0|Box|-17,5|-16,5|-2|4|9|4|0|0|0|0|0|0|1|33|0|0|0|0|0|0|0|0|0|0|0|0|0|0|0|0|0|0|0|0|0|0|0|0|MR_TOP|0|MR_TOP|0|0|0|0|MR_TOP|0|0|0|0|0|0|0|0|0|0|0|0|0|0|0|0|0|0|0|0|0|0|0|0|0|0|0|0|0|0|0|0|0|0|0|0|0|0|0|0|0|0|0|0|0|0|1|0|0|0|0|0|0|0|0|0|0|0
Element|0|1898967621|Box 20|0|Box|-16,5|-16,5|-2,5|2|9|5|0|0|0|0|0|0|25|33|0|0|0|0|0|0|0|0|0|0|0|0|0|0|0|0|0|0|0|0|0|0|0|0|MR_TOP|0|MR_TOP|0|0|0|0|MR_TOP|0|0|0|0|0|0|0|0|0|0|0|0|0|0|0|0|0|0|0|0|0|0|0|0|0|0|0|0|0|0|0|0|0|0|0|0|0|0|0|0|0|0|0|0|0|0|1|0|0|0|0|0|0|0|0|0|0|0
Element|0|309291113|Box 21|0|Box|-9,5|-20,5|-1,5|5|13|3|0|0|0|0|0|0|41|33|0|0|0|0|0|0|0|0|0|0|0|0|0|0|0|0|0|0|0|0|0|0|0|0|MR_TOP|0|MR_TOP|0|0|0|0|MR_TOP|0|0|0|0|0|0|0|0|0|0|0|0|0|0|0|0|0|0|0|0|0|0|0|0|0|0|0|0|0|0|0|0|0|0|0|0|0|0|0|0|0|0|0|0|0|0|1|0|0|0|0|0|0|0|0|0|0|0
Element|0|548362149|Box 22|0|Box|-9|-20,5|-2|4|13|4|0|0|0|0|0|0|225|33|0|0|0|0|0|0|0|0|0|0|0|0|0|0|0|0|0|0|0|0|0|0|0|0|MR_TOP|0|MR_TOP|0|0|0|0|MR_TOP|0|0|0|0|0|0|0|0|0|0|0|0|0|0|0|0|0|0|0|0|0|0|0|0|0|0|0|0|0|0|0|0|0|0|0|0|0|0|0|0|0|0|0|0|0|0|1|0|0|0|0|0|0|0|0|0|0|0
Element|0|1152754607|Box 23|0|Box|-8|-20,5|-2,5|2|13|5|0|0|0|0|0|0|65|41|0|0|0|0|0|0|0|0|0|0|0|0|0|0|0|0|0|0|0|0|0|0|0|0|MR_TOP|0|MR_TOP|0|0|0|0|MR_TOP|0|0|0|0|0|0|0|0|0|0|0|0|0|0|0|0|0|0|0|0|0|0|0|0|0|0|0|0|0|0|0|0|0|0|0|0|0|0|0|0|0|0|0|0|0|0|1|0|0|0|0|0|0|0|0|0|0|0
Element|0|239014144|Box 24|0|Box|-8|-23,5|-1|2|3|2|0|0|0|0|0|0|81|17|0|0|0|0|0|0|0|0|0|0|0|0|0|0|0|0|0|0|0|0|0|0|0|0|MR_TOP|0|MR_TOP|0|0|0|0|MR_TOP|0|0|0|0|0|0|0|0|0|0|0|0|0|0|0|0|0|0|0|0|0|0|0|0|0|0|0|0|0|0|0|0|0|0|0|0|0|0|0|0|0|0|0|0|0|0|1|0|0|0|0|0|0|0|0|0|0|0
Element|0|80352237|Box 25|0|Box|-11|-22|-0,5|3|1|1|0|0|0|0|0|0|241|1|0|0|0|0|0|0|0|0|0|0|0|0|0|0|0|0|0|0|0|0|0|0|0|0|MR_TOP|0|MR_TOP|0|0|0|0|MR_TOP|0|0|0|0|0|0|0|0|0|0|0|0|0|0|0|0|0|0|0|0|0|0|0|0|0|0|0|0|0|0|0|0|0|0|0|0|0|0|0|0|0|0|0|0|0|0|1|0|0|0|0|0|0|0|0|0|0|0
Element|0|1568206188|Box 26|0|Box|-10,5|-21|-0,5|1|2|1|0|0|0|0|0|0|113|25|0|0|0|0|0|0|0|0|0|0|0|0|0|0|0|0|0|0|0|0|0|0|0|0|MR_TOP|0|MR_TOP|0|0|0|0|MR_TOP|0|0|0|0|0|0|0|0|0|0|0|0|0|0|0|0|0|0|0|0|0|0|0|0|0|0|0|0|0|0|0|0|0|0|0|0|0|0|0|0|0|0|0|0|0|0|1|0|0|0|0|0|0|0|0|0|0|0
Element|0|1934018449|Box 27|0|Box|-0,5|-14,5|-1,5|3|7|3|0|0|0|0|0|0|81|41|0|0|0|0|0|0|0|0|0|0|0|0|0|0|0|0|0|0|0|0|0|0|0|0|MR_TOP|0|MR_TOP|0|0|0|0|MR_TOP|0|0|0|0|0|0|0|0|0|0|0|0|0|0|0|0|0|0|0|0|0|0|0|0|0|0|0|0|0|0|0|0|0|0|0|0|0|0|0|0|0|0|0|0|0|0|1|0|0|0|0|0|0|0|0|0|0|0
Element|0|741515476|Box 28|0|Box|-1|-14,5|-1|4|7|2|0|0|0|0|0|0|97|41|0|0|0|0|0|0|0|0|0|0|0|0|0|0|0|0|0|0|0|0|0|0|0|0|MR_TOP|0|MR_TOP|0|0|0|0|MR_TOP|0|0|0|0|0|0|0|0|0|0|0|0|0|0|0|0|0|0|0|0|0|0|0|0|0|0|0|0|0|0|0|0|0|0|0|0|0|0|0|0|0|0|0|0|0|0|1|0|0|0|0|0|0|0|0|0|0|0
Element|0|1557912045|Box 29|0|Box|0|-14,5|-2|2|7|4|0|0|0|0|0|0|113|41|0|0|0|0|0|0|0|0|0|0|0|0|0|0|0|0|0|0|0|0|0|0|0|0|MR_TOP|0|MR_TOP|0|0|0|0|MR_TOP|0|0|0|0|0|0|0|0|0|0|0|0|0|0|0|0|0|0|0|0|0|0|0|0|0|0|0|0|0|0|0|0|0|0|0|0|0|0|0|0|0|0|0|0|0|0|1|0|0|0|0|0|0|0|0|0|0|0
Element|0|892360965|Box 30|0|Box|0,5|-9,5|-2,5|1|2|5|0|0|0|0|0|0|113|25|0|0|0|0|0|0|0|0|0|0|0|0|0|0|0|0|0|0|0|0|0|0|0|0|MR_TOP|0|MR_TOP|0|0|0|0|MR_TOP|0|0|0|0|0|0|0|0|0|0|0|0|0|0|0|0|0|0|0|0|0|0|0|0|0|0|0|0|0|0|0|0|0|0|0|0|0|0|0|0|0|0|0|0|0|0|1|0|0|0|0|0|0|0|0|0|0|0
Element|0|1052838696|Box 31|0|Box|-16|-9,5|-3|1|2|6|0|0|0|0|0|0|129|25|0|0|0|0|0|0|0|0|0|0|0|0|0|0|0|0|0|0|0|0|0|0|0|0|MR_TOP|0|MR_TOP|0|0|0|0|MR_TOP|0|0|0|0|0|0|0|0|0|0|0|0|0|0|0|0|0|0|0|0|0|0|0|0|0|0|0|0|0|0|0|0|0|0|0|0|0|0|0|0|0|0|0|0|0|0|1|0|0|0|0|0|0|0|0|0|0|0
Element|0|426142883|Box 32|0|Box|-24|2,5|-6|35|3|12|0|0|0|0|0|0|121|49|0|0|0|0|0|0|0|0|0|0|0|0|0|0|0|0|0|0|0|0|0|0|0|0|MR_TOP|0|MR_TOP|0|0|0|0|MR_TOP|0|0|0|0|0|0|0|0|0|0|0|0|0|0|0|0|0|0|0|0|0|0|0|0|0|0|0|0|0|0|0|0|0|0|0|0|0|0|0|0|0|0|0|0|0|0|1|0|0|0|0|0|0|0|0|0|0|0
Element|0|2145312144|Box 33|0|Box|-25|2,5|-10|1|2|20|0|0|0|0|0|0|1|33|0|0|0|0|0|0|0|0|0|0|0|0|0|0|0|0|0|0|0|0|0|0|0|0|MR_TOP|0|MR_TOP|0|0|0|0|MR_TOP|0|0|0|0|0|0|0|0|0|0|0|0|0|0|0|0|0|0|0|0|0|0|0|0|0|0|0|0|0|0|0|0|0|0|0|0|0|0|0|0|0|0|0|0|0|0|1|0|0|0|0|0|0|0|0|0|0|0
Element|0|958598957|Box 34|0|Box|-25,5|5|-7|1|3|14|0|0|0|0|0|0|1|57|0|0|0|0|0|0|0|0|0|0|0|0|0|0|0|0|0|0|0|0|0|0|0|0|MR_TOP|0|MR_TOP|0|0|0|0|MR_TOP|0|0|0|0|0|0|0|0|0|0|0|0|0|0|0|0|0|0|0|0|0|0|0|0|0|0|0|0|0|0|0|0|0|0|0|0|0|0|0|0|0|0|0|0|0|0|1|0|0|0|0|0|0|0|0|0|0|0
Element|0|217934948|Box 35|0|Box|-24,5|4,5|-6|4|3|12|0|0|0|0|0|0|33|57|0|0|0|0|0|0|0|0|0|0|0|0|0|0|0|0|0|0|0|0|0|0|0|0|MR_TOP|0|MR_TOP|0|0|0|0|MR_TOP|0|0|0|0|0|0|0|0|0|0|0|0|0|0|0|0|0|0|0|0|0|0|0|0|0|0|0|0|0|0|0|0|0|0|0|0|0|0|0|0|0|0|0|0|0|0|1|0|0|0|0|0|0|0|0|0|0|0
Element|0|544584792|Box 36|0|Box|-21|2,5|-9|3|5|18|0|0|0|0|0|0|65|57|0|0|0|0|0|0|0|0|0|0|0|0|0|0|0|0|0|0|0|0|0|0|0|0|MR_TOP|0|MR_TOP|0|0|0|0|MR_TOP|0|0|0|0|0|0|0|0|0|0|0|0|0|0|0|0|0|0|0|0|0|0|0|0|0|0|0|0|0|0|0|0|0|0|0|0|0|0|0|0|0|0|0|0|0|0|1|0|0|0|0|0|0|0|0|0|0|0
Element|0|469105002|Box 37|0|Box|-19|1|-7,5|1|2|1|0|0|0|0|0|0|121|25|0|0|0|0|0|0|0|0|0|0|0|0|0|0|0|0|0|0|0|0|0|0|0|0|MR_TOP|0|MR_TOP|0|0|0|0|MR_TOP|0|0|0|0|0|0|0|0|0|0|0|0|0|0|0|0|0|0|0|0|0|0|0|0|0|0|0|0|0|0|0|0|0|0|0|0|0|0|0|0|0|0|0|0|0|0|1|0|0|0|0|0|0|0|0|0|0|0
Element|0|780464080|Box 38|0|Box|-20,5|1|-7,5|1|2|1|0|0|0|0|0|0|129|25|0|0|0|0|0|0|0|0|0|0|0|0|0|0|0|0|0|0|0|0|0|0|0|0|MR_TOP|0|MR_TOP|0|0|0|0|MR_TOP|0|0|0|0|0|0|0|0|0|0|0|0|0|0|0|0|0|0|0|0|0|0|0|0|0|0|0|0|0|0|0|0|0|0|0|0|0|0|0|0|0|0|0|0|0|0|1|0|0|0|0|0|0|0|0|0|0|0
Element|0|1444869754|Box 39|0|Box|-20,5|1|6,5|1|2|1|0|0|0|0|0|0|193|25|0|0|0|0|0|0|0|0|0|0|0|0|0|0|0|0|0|0|0|0|0|0|0|0|MR_TOP|0|MR_TOP|0|0|0|0|MR_TOP|0|0|0|0|0|0|0|0|0|0|0|0|0|0|0|0|0|0|0|0|0|0|0|0|0|0|0|0|0|0|0|0|0|0|0|0|0|0|0|0|0|0|0|0|0|0|1|0|0|0|0|0|0|0|0|0|0|0
Element|0|62665552|Box 40|0|Box|-19|1|6,5|1|2|1|0|0|0|0|0|0|201|25|0|0|0|0|0|0|0|0|0|0|0|0|0|0|0|0|0|0|0|0|0|0|0|0|MR_TOP|0|MR_TOP|0|0|0|0|MR_TOP|0|0|0|0|0|0|0|0|0|0|0|0|0|0|0|0|0|0|0|0|0|0|0|0|0|0|0|0|0|0|0|0|0|0|0|0|0|0|0|0|0|0|0|0|0|0|1|0|0|0|0|0|0|0|0|0|0|0
Element|0|1796631571|Box 41|0|Box|-24,5|7,5|-8|1|2|16|0|0|0|0|0|0|201|49|0|0|0|0|0|0|0|0|0|0|0|0|0|0|0|0|0|0|0|0|0|0|0|0|MR_TOP|0|MR_TOP|0|0|0|0|MR_TOP|0|0|0|0|0|0|0|0|0|0|0|0|0|0|0|0|0|0|0|0|0|0|0|0|0|0|0|0|0|0|0|0|0|0|0|0|0|0|0|0|0|0|0|0|0|0|1|0|0|0|0|0|0|0|0|0|0|0
Element|0|147740570|Box 42|0|Box|-27,5|5,5|-1|1|2|2|0|0|0|0|0|0|65|33|0|0|0|0|0|0|0|0|0|0|0|0|0|0|0|0|0|0|0|0|0|0|0|0|MR_TOP|0|MR_TOP|0|0|0|0|MR_TOP|0|0|0|0|0|0|0|0|0|0|0|0|0|0|0|0|0|0|0|0|0|0|0|0|0|0|0|0|0|0|0|0|0|0|0|0|0|0|0|0|0|0|0|0|0|0|1|0|0|0|0|0|0|0|0|0|0|0
Element|0|812496619|Box 43|0|Box|-28,5|5|-1,5|1|3|3|0|0|0|0|0|0|209|41|0|0|0|0|0|0|0|0|0|0|0|0|0|0|0|0|0|0|0|0|0|0|0|0|MR_TOP|0|MR_TOP|0|0|0|0|MR_TOP|0|0|0|0|0|0|0|0|0|0|0|0|0|0|0|0|0|0|0|0|0|0|0|0|0|0|0|0|0|0|0|0|0|0|0|0|0|0|0|0|0|0|0|0|0|0|1|0|0|0|0|0|0|0|0|0|0|0
Element|0|311601486|Box 45|0|Box|-12,5|-7,5|4,5|2|2|3|0|0|0|0|0|0|241|49|0|0|0|0|0|0|0|0|0|0|0|0|0|0|0|0|0|0|0|0|0|0|0|0|MR_TOP|0|MR_TOP|0|0|0|0|MR_TOP|0|0|0|0|0|0|0|0|0|0|0|0|0|0|0|0|0|0|0|0|0|0|0|0|0|0|0|0|0|0|0|0|0|0|0|0|0|0|0|0|0|0|0|0|0|0|1|0|0|0|0|0|0|0|0|0|0|0
Element|0|1537884177|Box 46|0|Box|-13|-7,5|5|3|2|2|0|0|0|0|0|0|1|57|0|0|0|0|0|0|0|0|0|0|0|0|0|0|0|0|0|0|0|0|0|0|0|0|MR_TOP|0|MR_TOP|0|0|0|0|MR_TOP|0|0|0|0|0|0|0|0|0|0|0|0|0|0|0|0|0|0|0|0|0|0|0|0|0|0|0|0|0|0|0|0|0|0|0|0|0|0|0|0|0|0|0|0|0|0|1|0|0|0|0|0|0|0|0|0|0|0
Element|0|1913029984|Box 47|0|Box|7|-22,5|-8|1|25|16|0|0|0|0|0|0|97|67|0|0|0|0|0|0|0|0|0|0|0|0|0|0|0|0|0|0|0|0|0|0|0|0|MR_TOP|0|MR_TOP|0|0|0|0|MR_TOP|0|0|0|0|0|0|0|0|0|0|0|0|0|0|0|0|0|0|0|0|0|0|0|0|0|0|0|0|0|0|0|0|0|0|0|0|0|0|0|0|0|0|0|0|0|0|1|0|0|0|0|0|0|0|0|0|0|0
Element|0|1053358144|Box 48|0|Box|7|-21,5|-9|5|24|1|0|0|0|0|0|0|241|57|0|0|0|0|0|0|0|0|0|0|0|0|0|0|0|0|0|0|0|0|0|0|0|0|MR_TOP|0|MR_TOP|0|0|0|0|MR_TOP|0|0|0|0|0|0|0|0|0|0|0|0|0|0|0|0|0|0|0|0|0|0|0|0|0|0|0|0|0|0|0|0|0|0|0|0|0|0|0|0|0|0|0|0|0|0|1|0|0|0|0|0|0|0|0|0|0|0
Element|0|251604176|Box 49|0|Box|7|-21,5|8|5|24|1|0|0|0|0|0|0|136|65|0|0|0|0|0|0|0|0|0|0|0|0|0|0|0|0|0|0|0|0|0|0|0|0|MR_TOP|0|MR_TOP|0|0|0|0|MR_TOP|0|0|0|0|0|0|0|0|0|0|0|0|0|0|0|0|0|0|0|0|0|0|0|0|0|0|0|0|0|0|0|0|0|0|0|0|0|0|0|0|0|0|0|0|0|0|1|0|0|0|0|0|0|0|0|0|0|0
Element|0|598049658|Box 50|0|Box|27|-22,5|-9|1|29|18|0|0|0|0|0|0|153|65|0|0|0|0|0|0|0|0|0|0|0|0|0|0|0|0|0|0|0|0|0|0|0|0|MR_TOP|0|MR_TOP|0|0|0|0|MR_TOP|0|0|0|0|0|0|0|0|0|0|0|0|0|0|0|0|0|0|0|0|0|0|0|0|0|0|0|0|0|0|0|0|0|0|0|0|0|0|0|0|0|0|0|0|0|0|1|0|0|0|0|0|0|0|0|0|0|0
Element|0|749954185|Box 51|0|Box|12|5,5|-9|15|1|18|0|0|0|0|0|0|1|81|0|0|0|0|0|0|0|0|0|0|0|0|0|0|0|0|0|0|0|0|0|0|0|0|MR_TOP|0|MR_TOP|0|0|0|0|MR_TOP|0|0|0|0|0|0|0|0|0|0|0|0|0|0|0|0|0|0|0|0|0|0|0|0|0|0|0|0|0|0|0|0|0|0|0|0|0|0|0|0|0|0|0|0|0|0|1|0|0|0|0|0|0|0|0|0|0|0
Element|0|138504338|Box 52|0|Box|11|2,5|-9|1|4|18|0|0|0|0|0|0|193|73|0|0|0|0|0|0|0|0|0|0|0|0|0|0|0|0|0|0|0|0|0|0|0|0|MR_TOP|0|MR_TOP|0|0|0|0|MR_TOP|0|0|0|0|0|0|0|0|0|0|0|0|0|0|0|0|0|0|0|0|0|0|0|0|0|0|0|0|0|0|0|0|0|0|0|0|0|0|0|0|0|0|0|0|0|0|1|0|0|0|0|0|0|0|0|0|0|0
Element|0|1671839111|Box 53|0|Box|8|1,5|-8|4|1|16|0|0|0|0|0|0|57|97|0|0|0|0|0|0|0|0|0|0|0|0|0|0|0|0|0|0|0|0|0|0|0|0|MR_TOP|0|MR_TOP|0|0|0|0|MR_TOP|0|0|0|0|0|0|0|0|0|0|0|0|0|0|0|0|0|0|0|0|0|0|0|0|0|0|0|0|0|0|0|0|0|0|0|0|0|0|0|0|0|0|0|0|0|0|1|0|0|0|0|0|0|0|0|0|0|0
Element|0|296057338|Box 54|0|Box|12|-6|8|9|12|1|0|0|0|0|0|0|177|65|0|0|0|0|0|0|0|0|0|0|0|0|0|0|0|0|0|0|0|0|0|0|0|0|MR_TOP|0|MR_TOP|0|0|0|0|MR_TOP|0|0|0|0|0|0|0|0|0|0|0|0|0|0|0|0|0|0|0|0|0|0|0|0|0|0|0|0|0|0|0|0|0|0|0|0|0|0|0|0|0|0|0|0|0|0|1|0|0|0|0|0|0|0|0|0|0|0
Element|0|1856541982|Box 55|0|Box|12|-6|-9|9|12|1|0|0|0|0|0|0|217|73|0|0|0|0|0|0|0|0|0|0|0|0|0|0|0|0|0|0|0|0|0|0|0|0|MR_TOP|0|MR_TOP|0|0|0|0|MR_TOP|0|0|0|0|0|0|0|0|0|0|0|0|0|0|0|0|0|0|0|0|0|0|0|0|0|0|0|0|0|0|0|0|0|0|0|0|0|0|0|0|0|0|0|0|0|0|1|0|0|0|0|0|0|0|0|0|0|0
Element|0|389113234|Box 56|0|Box|6|-24,5|-5|23|1|10|0|0|0|0|0|0|185|105|0|0|0|0|0|0|0|0|0|0|0|0|0|0|0|0|0|0|0|0|0|0|0|0|MR_TOP|0|MR_TOP|0|0|0|0|MR_TOP|0|0|0|0|0|0|0|0|0|0|0|0|0|0|0|0|0|0|0|0|0|0|0|0|0|0|0|0|0|0|0|0|0|0|0|0|0|0|0|0|0|0|0|0|0|0|1|0|0|0|0|0|0|0|0|0|0|0
Element|0|2009754431|Box 57|0|Box|6|-23,5|-8|23|1|3|0|0|0|0|0|0|193|97|0|0|0|0|0|0|0|0|0|0|0|0|0|0|0|0|0|0|0|0|0|0|0|0|MR_TOP|0|MR_TOP|0|0|0|0|MR_TOP|0|0|0|0|0|0|0|0|0|0|0|0|0|0|0|0|0|0|0|0|0|0|0|0|0|0|0|0|0|0|0|0|0|0|0|0|0|0|0|0|0|0|0|0|0|0|1|0|0|0|0|0|0|0|0|0|0|0
Element|0|1191915169|Box 58|0|Box|6|-23,5|5|23|1|3|0|0|0|0|0|0|1|105|0|0|0|0|0|0|0|0|0|0|0|0|0|0|0|0|0|0|0|0|0|0|0|0|MR_TOP|0|MR_TOP|0|0|0|0|MR_TOP|0|0|0|0|0|0|0|0|0|0|0|0|0|0|0|0|0|0|0|0|0|0|0|0|0|0|0|0|0|0|0|0|0|0|0|0|0|0|0|0|0|0|0|0|0|0|1|0|0|0|0|0|0|0|0|0|0|0
Element|0|1068543743|Box 59|0|Box|6|-22,5|8|23|1|2|0|0|0|0|0|0|1|113|0|0|0|0|0|0|0|0|0|0|0|0|0|0|0|0|0|0|0|0|0|0|0|0|MR_TOP|0|MR_TOP|0|0|0|0|MR_TOP|0|0|0|0|0|0|0|0|0|0|0|0|0|0|0|0|0|0|0|0|0|0|0|0|0|0|0|0|0|0|0|0|0|0|0|0|0|0|0|0|0|0|0|0|0|0|1|0|0|0|0|0|0|0|0|0|0|0
Element|0|476182168|Box 60|0|Box|6|-22,5|-10|23|1|2|0|0|0|0|0|0|97|113|0|0|0|0|0|0|0|0|0|0|0|0|0|0|0|0|0|0|0|0|0|0|0|0|MR_TOP|0|MR_TOP|0|0|0|0|MR_TOP|0|0|0|0|0|0|0|0|0|0|0|0|0|0|0|0|0|0|0|0|0|0|0|0|0|0|0|0|0|0|0|0|0|0|0|0|0|0|0|0|0|0|0|0|0|0|1|0|0|0|0|0|0|0|0|0|0|0
Element|0|846933193|Box 61|0|Box|7|-23,5|-5|1|1|10|0|0|0|0|0|0|57|81|0|0|0|0|0|0|0|0|0|0|0|0|0|0|0|0|0|0|0|0|0|0|0|0|MR_TOP|0|MR_TOP|0|0|0|0|MR_TOP|0|0|0|0|0|0|0|0|0|0|0|0|0|0|0|0|0|0|0|0|0|0|0|0|0|0|0|0|0|0|0|0|0|0|0|0|0|0|0|0|0|0|0|0|0|0|1|0|0|0|0|0|0|0|0|0|0|0
Element|0|1205882456|Box 62|0|Box|27|-23,5|-5|1|1|10|0|0|0|0|0|0|145|113|0|0|0|0|0|0|0|0|0|0|0|0|0|0|0|0|0|0|0|0|0|0|0|0|MR_TOP|0|MR_TOP|0|0|0|0|MR_TOP|0|0|0|0|0|0|0|0|0|0|0|0|0|0|0|0|0|0|0|0|0|0|0|0|0|0|0|0|0|0|0|0|0|0|0|0|0|0|0|0|0|0|0|0|0|0|1|0|0|0|0|0|0|0|0|0|0|0
Element|0|935909212|Box 63|0|Box|16|-26,5|-3|5|2|6|0|0|0|0|0|0|73|81|0|0|0|0|0|0|0|0|0|0|0|0|0|0|0|0|0|0|0|0|0|0|0|0|MR_TOP|0|MR_TOP|0|0|0|0|MR_TOP|0|0|0|0|0|0|0|0|0|0|0|0|0|0|0|0|0|0|0|0|0|0|0|0|0|0|0|0|0|0|0|0|0|0|0|0|0|0|0|0|0|0|0|0|0|0|1|0|0|0|0|0|0|0|0|0|0|0
Element|0|889739554|Box 64|0|Box|15|-27,5|-3,5|7|1|7|0|0|0|0|0|0|161|113|0|0|0|0|0|0|0|0|0|0|0|0|0|0|0|0|0|0|0|0|0|0|0|0|MR_TOP|0|MR_TOP|0|0|0|0|MR_TOP|0|0|0|0|0|0|0|0|0|0|0|0|0|0|0|0|0|0|0|0|0|0|0|0|0|0|0|0|0|0|0|0|0|0|0|0|0|0|0|0|0|0|0|0|0|0|1|0|0|0|0|0|0|0|0|0|0|0
Element|0|2062306720|Box 65|0|Box|15|-28|-2|7|1|4|0|0|0|0|0|0|97|57|0|0|0|0|0|0|0|0|0|0|0|0|0|0|0|0|0|0|0|0|0|0|0|0|MR_TOP|0|MR_TOP|0|0|0|0|MR_TOP|0|0|0|0|0|0|0|0|0|0|0|0|0|0|0|0|0|0|0|0|0|0|0|0|0|0|0|0|0|0|0|0|0|0|0|0|0|0|0|0|0|0|0|0|0|0|1|0|0|0|0|0|0|0|0|0|0|0
Element|0|610799933|Box 66|0|Box|8|-5,5|-5|6|11|10|0|0|0|0|0|0|1|121|0|0|0|0|0|0|0|0|0|0|0|0|0|0|0|0|0|0|0|0|0|0|0|0|MR_TOP|0|MR_TOP|0|0|0|0|MR_TOP|0|0|0|0|0|0|0|0|0|0|0|0|0|0|0|0|0|0|0|0|0|0|0|0|0|0|0|0|0|0|0|0|0|0|0|0|0|0|0|0|0|0|0|0|0|0|1|0|0|0|0|0|0|0|0|0|0|0
Element|0|1118503640|Box 67|0|Box|7,5|-7,5|-3,5|6|2|7|0|0|0|0|0|0|25|121|0|0|0|0|0|0|0|0|0|0|0|0|0|0|0|0|0|0|0|0|0|0|0|0|MR_TOP|0|MR_TOP|0|0|0|0|MR_TOP|0|0|0|0|0|0|0|0|0|0|0|0|0|0|0|0|0|0|0|0|0|0|0|0|0|0|0|0|0|0|0|0|0|0|0|0|0|0|0|0|0|0|0|0|0|0|1|0|0|0|0|0|0|0|0|0|0|0
Element|0|1011905005|Box 68|0|Box|7,5|-8,5|-2|5|1|4|0|0|0|0|0|0|25|57|0|0|0|0|0|0|0|0|0|0|0|0|0|0|0|0|0|0|0|0|0|0|0|0|MR_TOP|0|MR_TOP|0|0|0|0|MR_TOP|0|0|0|0|0|0|0|0|0|0|0|0|0|0|0|0|0|0|0|0|0|0|0|0|0|0|0|0|0|0|0|0|0|0|0|0|0|0|0|0|0|0|0|0|0|0|1|0|0|0|0|0|0|0|0|0|0|0
Element|0|1503606682|Box 69|0|Box|7|5,5|-6|4|2|12|0|0|0|0|0|0|41|121|0|0|0|0|0|0|0|0|0|0|0|0|0|0|0|0|0|0|0|0|0|0|0|0|MR_TOP|0|MR_TOP|0|0|0|0|MR_TOP|0|0|0|0|0|0|0|0|0|0|0|0|0|0|0|0|0|0|0|0|0|0|0|0|0|0|0|0|0|0|0|0|0|0|0|0|0|0|0|0|0|0|0|0|0|0|1|0|0|0|0|0|0|0|0|0|0|0
Element|0|64343257|Box 71|0|Box|4|5,5|-6|3|2|1|0|0|0|0|0|0|241|33|0|0|0|0|0|0|0|0|0|0|0|0|0|0|0|0|0|0|0|0|0|0|0|0|MR_TOP|0|MR_TOP|0|0|0|0|MR_TOP|0|0|0|0|0|0|0|0|0|0|0|0|0|0|0|0|0|0|0|0|0|0|0|0|0|0|0|0|0|0|0|0|0|0|0|0|0|0|0|0|0|0|0|0|0|0|1|0|0|0|0|0|0|0|0|0|0|0
Element|0|1415339265|Box 72|0|Box|4|5,5|5|3|2|1|0|0|0|0|0|0|1|49|0|0|0|0|0|0|0|0|0|0|0|0|0|0|0|0|0|0|0|0|0|0|0|0|MR_TOP|0|MR_TOP|0|0|0|0|MR_TOP|0|0|0|0|0|0|0|0|0|0|0|0|0|0|0|0|0|0|0|0|0|0|0|0|0|0|0|0|0|0|0|0|0|0|0|0|0|0|0|0|0|0|0|0|0|0|1|0|0|0|0|0|0|0|0|0|0|0
Element|0|115723339|Box 73|0|Box|-2|5,5|-6|5|2|1|0|0|0|0|0|0|25|49|0|0|0|0|0|0|0|0|0|0|0|0|0|0|0|0|0|0|0|0|0|0|0|0|MR_TOP|0|MR_TOP|0|0|0|0|MR_TOP|0|0|0|0|0|0|0|0|0|0|0|0|0|0|0|0|0|0|0|0|0|0|0|0|0|0|0|0|0|0|0|0|0|0|0|0|0|0|0|0|0|0|0|0|0|0|1|0|0|0|0|0|0|0|0|0|0|0
Element|0|1622417063|Box 74|0|Box|-2|5,5|5|5|2|1|0|0|0|0|0|0|225|57|0|0|0|0|0|0|0|0|0|0|0|0|0|0|0|0|0|0|0|0|0|0|0|0|MR_TOP|0|MR_TOP|0|0|0|0|MR_TOP|0|0|0|0|0|0|0|0|0|0|0|0|0|0|0|0|0|0|0|0|0|0|0|0|0|0|0|0|0|0|0|0|0|0|0|0|0|0|0|0|0|0|0|0|0|0|1|0|0|0|0|0|0|0|0|0|0|0
Element|0|1351114946|Box 75|0|Box|-14|5,5|-6|5|2|1|0|0|0|0|0|0|1|65|0|0|0|0|0|0|0|0|0|0|0|0|0|0|0|0|0|0|0|0|0|0|0|0|MR_TOP|0|MR_TOP|0|0|0|0|MR_TOP|0|0|0|0|0|0|0|0|0|0|0|0|0|0|0|0|0|0|0|0|0|0|0|0|0|0|0|0|0|0|0|0|0|0|0|0|0|0|0|0|0|0|0|0|0|0|1|0|0|0|0|0|0|0|0|0|0|0
Element|0|1792365707|Box 76|0|Box|-14|5,5|5|5|2|1|0|0|0|0|0|0|25|65|0|0|0|0|0|0|0|0|0|0|0|0|0|0|0|0|0|0|0|0|0|0|0|0|MR_TOP|0|MR_TOP|0|0|0|0|MR_TOP|0|0|0|0|0|0|0|0|0|0|0|0|0|0|0|0|0|0|0|0|0|0|0|0|0|0|0|0|0|0|0|0|0|0|0|0|0|0|0|0|0|0|0|0|0|0|1|0|0|0|0|0|0|0|0|0|0|0
Element|0|1986486467|Box 77|0|Box|-8|5,5|5|5|2|1|0|0|0|0|0|0|57|65|0|0|0|0|0|0|0|0|0|0|0|0|0|0|0|0|0|0|0|0|0|0|0|0|MR_TOP|0|MR_TOP|0|0|0|0|MR_TOP|0|0|0|0|0|0|0|0|0|0|0|0|0|0|0|0|0|0|0|0|0|0|0|0|0|0|0|0|0|0|0|0|0|0|0|0|0|0|0|0|0|0|0|0|0|0|1|0|0|0|0|0|0|0|0|0|0|0
Element|0|801234620|Box 78|0|Box|-8|5,5|-6|5|2|1|0|0|0|0|0|0|97|65|0|0|0|0|0|0|0|0|0|0|0|0|0|0|0|0|0|0|0|0|0|0|0|0|MR_TOP|0|MR_TOP|0|0|0|0|MR_TOP|0|0|0|0|0|0|0|0|0|0|0|0|0|0|0|0|0|0|0|0|0|0|0|0|0|0|0|0|0|0|0|0|0|0|0|0|0|0|0|0|0|0|0|0|0|0|1|0|0|0|0|0|0|0|0|0|0|0
Element|0|1436447028|Box 79|0|Box|-18|5,5|-6|3|2|1|0|0|0|0|0|0|121|57|0|0|0|0|0|0|0|0|0|0|0|0|0|0|0|0|0|0|0|0|0|0|0|0|MR_TOP|0|MR_TOP|0|0|0|0|MR_TOP|0|0|0|0|0|0|0|0|0|0|0|0|0|0|0|0|0|0|0|0|0|0|0|0|0|0|0|0|0|0|0|0|0|0|0|0|0|0|0|0|0|0|0|0|0|0|1|0|0|0|0|0|0|0|0|0|0|0
Element|0|1975576872|Box 80|0|Box|-18|5,5|5|3|2|1|0|0|0|0|0|0|73|65|0|0|0|0|0|0|0|0|0|0|0|0|0|0|0|0|0|0|0|0|0|0|0|0|MR_TOP|0|MR_TOP|0|0|0|0|MR_TOP|0|0|0|0|0|0|0|0|0|0|0|0|0|0|0|0|0|0|0|0|0|0|0|0|0|0|0|0|0|0|0|0|0|0|0|0|0|0|0|0|0|0|0|0|0|0|1|0|0|0|0|0|0|0|0|0|0|0
Element|0|1930092929|Box 81|0|Box|-14,5|6|-5|5|5|0|0|0|0|-2,5|-2,5|0|121|65|0|0|0|0|0|0|0|0|0|0|0|0|0|0|0|0|0|0|0|0|0|0|0|0|MR_TOP|0|MR_TOP|0|0|0|0|MR_TOP|0|0|0|0|0|0|0|0|0|0|0|0|0|0|0|0|0|0|0|0|0|0|0|0|0|0|0|0|0|0|0|0|0|0|0|0|0|0|0|0|0|0|0|0|0|0|1|0|0|0|0|0|0|0|0|0|0|0
Element|0|406798053|Box 82|0|Box|-8,5|6|-5|5|5|0|0|0|0|-2,5|-2,5|0|153|65|0|0|0|0|0|0|0|0|0|0|0|0|0|0|0|0|0|0|0|0|0|0|0|0|MR_TOP|0|MR_TOP|0|0|0|0|MR_TOP|0|0|0|0|0|0|0|0|0|0|0|0|0|0|0|0|0|0|0|0|0|0|0|0|0|0|0|0|0|0|0|0|0|0|0|0|0|0|0|0|0|0|0|0|0|0|1|0|0|0|0|0|0|0|0|0|0|0
Element|0|760046666|Box 83|0|Box|3,5|6|-5|5|5|0|0|0|0|-2,5|-2,5|0|33|73|0|0|0|0|0|0|0|0|0|0|0|0|0|0|0|0|0|0|0|0|0|0|0|0|MR_TOP|0|MR_TOP|0|0|0|0|MR_TOP|0|0|0|0|0|0|0|0|0|0|0|0|0|0|0|0|0|0|0|0|0|0|0|0|0|0|0|0|0|0|0|0|0|0|0|0|0|0|0|0|0|0|0|0|0|0|1|0|0|0|0|0|0|0|0|0|0|0
Element|0|2050818617|Box 84|0|Box|-2,5|6|-5|5|5|0|0|0|0|-2,5|-2,5|0|49|73|0|0|0|0|0|0|0|0|0|0|0|0|0|0|0|0|0|0|0|0|0|0|0|0|MR_TOP|0|MR_TOP|0|0|0|0|MR_TOP|0|0|0|0|0|0|0|0|0|0|0|0|0|0|0|0|0|0|0|0|0|0|0|0|0|0|0|0|0|0|0|0|0|0|0|0|0|0|0|0|0|0|0|0|0|0|1|0|0|0|0|0|0|0|0|0|0|0
Element|0|1055756619|Box 85|0|Box|3,5|6|5|5|5|0|0|0|0|-2,5|-2,5|0|121|73|0|0|0|0|0|0|0|0|0|0|0|0|0|0|0|0|0|0|0|0|0|0|0|0|MR_TOP|0|MR_TOP|0|0|0|0|MR_TOP|0|0|0|0|0|0|0|0|0|0|0|0|0|0|0|0|0|0|0|0|0|0|0|0|0|0|0|0|0|0|0|0|0|0|0|0|0|0|0|0|0|0|0|0|0|0|1|0|0|0|0|0|0|0|0|0|0|0
Element|0|200394767|Box 86|0|Box|-2,5|6|5|5|5|0|0|0|0|-2,5|-2,5|0|153|73|0|0|0|0|0|0|0|0|0|0|0|0|0|0|0|0|0|0|0|0|0|0|0|0|MR_TOP|0|MR_TOP|0|0|0|0|MR_TOP|0|0|0|0|0|0|0|0|0|0|0|0|0|0|0|0|0|0|0|0|0|0|0|0|0|0|0|0|0|0|0|0|0|0|0|0|0|0|0|0|0|0|0|0|0|0|1|0|0|0|0|0|0|0|0|0|0|0
Element|0|604716501|Box 87|0|Box|-8,5|6|5|5|5|0|0|0|0|-2,5|-2,5|0|1|81|0|0|0|0|0|0|0|0|0|0|0|0|0|0|0|0|0|0|0|0|0|0|0|0|MR_TOP|0|MR_TOP|0|0|0|0|MR_TOP|0|0|0|0|0|0|0|0|0|0|0|0|0|0|0|0|0|0|0|0|0|0|0|0|0|0|0|0|0|0|0|0|0|0|0|0|0|0|0|0|0|0|0|0|0|0|1|0|0|0|0|0|0|0|0|0|0|0
Element|0|1226680473|Box 88|0|Box|-14,5|6|5|5|5|0|0|0|0|-2,5|-2,5|0|1|89|0|0|0|0|0|0|0|0|0|0|0|0|0|0|0|0|0|0|0|0|0|0|0|0|MR_TOP|0|MR_TOP|0|0|0|0|MR_TOP|0|0|0|0|0|0|0|0|0|0|0|0|0|0|0|0|0|0|0|0|0|0|0|0|0|0|0|0|0|0|0|0|0|0|0|0|0|0|0|0|0|0|0|0|0|0|1|0|0|0|0|0|0|0|0|0|0|0
Element|0|1845972466|Box 89|0|Box|3,5|6|-6,5|1|1|13|0|0|0|-0,5|-0,5|0|81|41|0|0|0|0|0|0|0|0|0|0|0|0|0|0|0|0|0|0|0|0|0|0|0|0|MR_TOP|0|MR_TOP|0|0|0|0|MR_TOP|0|0|0|0|0|0|0|0|0|0|0|0|0|0|0|0|0|0|0|0|0|0|0|0|0|0|0|0|0|0|0|0|0|0|0|0|0|0|0|0|0|0|0|0|0|0|1|0|0|0|0|0|0|0|0|0|0|0
Element|0|246600592|Box 90|0|Box|-2,5|6|-6,5|1|1|13|0|0|0|-0,5|-0,5|0|41|105|0|0|0|0|0|0|0|0|0|0|0|0|0|0|0|0|0|0|0|0|0|0|0|0|MR_TOP|0|MR_TOP|0|0|0|0|MR_TOP|0|0|0|0|0|0|0|0|0|0|0|0|0|0|0|0|0|0|0|0|0|0|0|0|0|0|0|0|0|0|0|0|0|0|0|0|0|0|0|0|0|0|0|0|0|0|1|0|0|0|0|0|0|0|0|0|0|0
Element|0|1523175921|Box 91|0|Box|-8,5|6|-6,5|1|1|13|0|0|0|-0,5|-0,5|0|81|121|0|0|0|0|0|0|0|0|0|0|0|0|0|0|0|0|0|0|0|0|0|0|0|0|MR_TOP|0|MR_TOP|0|0|0|0|MR_TOP|0|0|0|0|0|0|0|0|0|0|0|0|0|0|0|0|0|0|0|0|0|0|0|0|0|0|0|0|0|0|0|0|0|0|0|0|0|0|0|0|0|0|0|0|0|0|1|0|0|0|0|0|0|0|0|0|0|0
Element|0|648144722|Box 92|0|Box|-14,5|6|-6,5|1|1|13|0|0|0|-0,5|-0,5|0|113|121|0|0|0|0|0|0|0|0|0|0|0|0|0|0|0|0|0|0|0|0|0|0|0|0|MR_TOP|0|MR_TOP|0|0|0|0|MR_TOP|0|0|0|0|0|0|0|0|0|0|0|0|0|0|0|0|0|0|0|0|0|0|0|0|0|0|0|0|0|0|0|0|0|0|0|0|0|0|0|0|0|0|0|0|0|0|1|0|0|0|0|0|0|0|0|0|0|0
Element|0|1788287889|Box 93|0|Box|11|6,5|-6|16|1|12|0|0|0|0|0|0|185|121|0|0|0|0|0|0|0|0|0|0|0|0|0|0|0|0|0|0|0|0|0|0|0|0|MR_TOP|0|MR_TOP|0|0|0|0|MR_TOP|0|0|0|0|0|0|0|0|0|0|0|0|0|0|0|0|0|0|0|0|0|0|0|0|0|0|0|0|0|0|0|0|0|0|0|0|0|0|0|0|0|0|0|0|0|0|1|0|0|0|0|0|0|0|0|0|0|0
Element|0|1733628299|Box 94|0|Box|-23|1|-5,5|30|1|11|0|0|0|0|0|0|25|137|0|0|0|0|0|0|0|0|0|0|0|0|0|0|0|0|0|0|0|0|0|0|0|0|MR_TOP|0|MR_TOP|0|0|0|0|MR_TOP|0|0|0|0|0|0|0|0|0|0|0|0|0|0|0|0|0|0|0|0|0|0|0|0|0|0|0|0|0|0|0|0|0|0|0|0|0|0|0|0|0|0|0|0|0|0|1|0|0|0|0|0|0|0|0|0|0|0
Element|0|264257587|Box 95|0|Box|-23|2|-4,5|30|1|9|0|0|0|0|0|0|97|137|0|0|0|0|0|0|0|0|0|0|0|0|0|0|0|0|0|0|0|0|0|0|0|0|MR_TOP|0|MR_TOP|0|0|0|0|MR_TOP|0|0|0|0|0|0|0|0|0|0|0|0|0|0|0|0|0|0|0|0|0|0|0|0|0|0|0|0|0|0|0|0|0|0|0|0|0|0|0|0|0|0|0|0|0|0|1|0|0|0|0|0|0|0|0|0|0|0
Element|0|231714181|Box 96|0|Box|-5,5|6|7|19|1|1|0|0|0|-9,5|-0,5|-0,5|129|129|0|0|0|0|0|0|0|0|0|0|0|0|0|0|0|0|0|0|0|0|0|0|0|0|MR_TOP|0|MR_TOP|0|0|0|0|MR_TOP|0|0|0|0|0|0|0|0|0|0|0|0|0|0|0|0|0|0|0|0|0|0|0|0|0|0|0|0|0|0|0|0|0|0|0|0|0|0|0|0|0|0|0|0|0|0|1|0|0|0|0|0|0|0|0|0|0|0
Element|0|869931221|Box 97|0|Box|-10,5|5|7,5|4|1|1|0|0|0|-9|-0,5|-0,5|241|89|0|0|0|0|0|0|0|0|0|0|0|0|0|0|0|0|0|0|0|0|0|0|0|0|MR_TOP|0|MR_TOP|0|0|0|0|MR_TOP|0|0|0|0|0|0|0|0|0|0|0|0|0|0|0|0|0|0|0|0|0|0|0|0|0|0|0|0|0|0|0|0|0|0|0|0|0|0|0|0|0|0|0|0|0|0|1|0|0|0|0|0|0|0|0|0|0|0
Element|0|1740818742|Box 98|0|Box|-10,5|4,75|8|18|1|1|0|0|352|-9|-0,5|-0,5|169|137|0|0|0|0|0|0|0|0|0|0|0|0|0|0|0|0|0|0|0|0|0|0|0|0|MR_TOP|0|MR_TOP|0|0|0|0|MR_TOP|0|0|0|0|0|0|0|0|0|0|0|0|0|0|0|0|0|0|0|0|0|0|0|0|0|0|0|0|0|0|0|0|0|0|0|0|0|0|0|0|0|0|0|0|0|0|1|0|0|0|0|0|0|0|0|0|0|0
Element|0|1185481935|Box 99|0|Box|-9,5|1,5|8|1|4|1|0|0|0|-1|0|-0,5|249|41|0|0|0|0|0|0|0|0|0|0|0|0|0|0|0|0|0|0|0|0|0|0|0|0|MR_TOP|0|MR_TOP|0|0|0|0|MR_TOP|0|0|0|0|0|0|0|0|0|0|0|0|0|0|0|0|0|0|0|0|0|0|0|0|0|0|0|0|0|0|0|0|0|0|0|0|0|0|0|0|0|0|0|0|0|0|1|0|0|0|0|0|0|0|0|0|0|0
Element|0|267309222|Box 100|0|Box|-8,75|5,5|7,5|14|1|1|0|0|355,75|-7|-0,5|-0,5|209|137|0|0|0|0|0|0|0|0|0|0|0|0|0|0|0|0|0|0|0|0|0|0|0|0|MR_TOP|0|MR_TOP|0|0|0|0|MR_TOP|0|0|0|0|0|0|0|0|0|0|0|0|0|0|0|0|0|0|0|0|0|0|0|0|0|0|0|0|0|0|0|0|0|0|0|0|0|0|0|0|0|0|0|0|0|0|1|0|0|0|0|0|0|0|0|0|0|0
Element|0|1508552333|Box 99|0|Box|4|-19|-0,5|3|1|1|0|0|0|0|0|0|201|73|0|0|0|0|0|0|0|0|0|0|0|0|0|0|0|0|0|0|0|0|0|0|0|0|MR_TOP|0|MR_TOP|0|0|0|0|MR_TOP|0|0|0|0|0|0|0|0|0|0|0|0|0|0|0|0|0|0|0|0|0|0|0|0|0|0|0|0|0|0|0|0|0|0|0|0|0|0|0|0|0|0|0|0|0|0|1|0|0|0|0|0|0|0|0|0|0|0
Element|0|1149973586|Box 100|0|Box|4|-27|-0,5|1|8|1|0|0|0|0|0|0|57|49|0|0|0|0|0|0|0|0|0|0|0|0|0|0|0|0|0|0|0|0|0|0|0|0|MR_TOP|0|MR_TOP|0|0|0|0|MR_TOP|0|0|0|0|0|0|0|0|0|0|0|0|0|0|0|0|0|0|0|0|0|0|0|0|0|0|0|0|0|0|0|0|0|0|0|0|0|0|0|0|0|0|0|0|0|0|1|0|0|0|0|0|0|0|0|0|0|0
Element|0|1665828426|Box 101|0|Box|3,5|-26|-1|2|2|2|0|0|0|0|0|0|57|81|0|0|0|0|0|0|0|0|0|0|0|0|0|0|0|0|0|0|0|0|0|0|0|0|MR_TOP|0|MR_TOP|0|0|0|0|MR_TOP|0|0|0|0|0|0|0|0|0|0|0|0|0|0|0|0|0|0|0|0|0|0|0|0|0|0|0|0|0|0|0|0|0|0|0|0|0|0|0|0|0|0|0|0|0|0|1|0|0|0|0|0|0|0|0|0|0|0
Element|0|1521329143|Box 102|0|Box|-5,5|6|-7|19|1|1|0|0|0|-9,5|-0,5|-0,5|177|145|0|0|0|0|0|0|0|0|0|0|0|0|0|0|0|0|0|0|0|0|0|0|0|0|MR_TOP|0|MR_TOP|0|0|0|0|MR_TOP|0|0|0|0|0|0|0|0|0|0|0|0|0|0|0|0|0|0|0|0|0|0|0|0|0|0|0|0|0|0|0|0|0|0|0|0|0|0|0|0|0|0|0|0|0|0|1|0|0|0|0|0|0|0|0|0|0|0
Element|0|1043273030|Box 103|0|Box|-10,5|5|-7,5|4|1|1|0|0|0|-9|-0,5|-0,5|137|97|0|0|0|0|0|0|0|0|0|0|0|0|0|0|0|0|0|0|0|0|0|0|0|0|MR_TOP|0|MR_TOP|0|0|0|0|MR_TOP|0|0|0|0|0|0|0|0|0|0|0|0|0|0|0|0|0|0|0|0|0|0|0|0|0|0|0|0|0|0|0|0|0|0|0|0|0|0|0|0|0|0|0|0|0|0|1|0|0|0|0|0|0|0|0|0|0|0
Element|0|1812840527|Box 104|0|Box|-8,75|5,5|-7,5|14|1|1|0|0|355,75|-7|-0,5|-0,5|1|145|0|0|0|0|0|0|0|0|0|0|0|0|0|0|0|0|0|0|0|0|0|0|0|0|MR_TOP|0|MR_TOP|0|0|0|0|MR_TOP|0|0|0|0|0|0|0|0|0|0|0|0|0|0|0|0|0|0|0|0|0|0|0|0|0|0|0|0|0|0|0|0|0|0|0|0|0|0|0|0|0|0|0|0|0|0|1|0|0|0|0|0|0|0|0|0|0|0
Element|0|534155145|Box 105|0|Box|-10,5|4,75|-8|18|1|1|0|0|352|-9|-0,5|-0,5|1|153|0|0|0|0|0|0|0|0|0|0|0|0|0|0|0|0|0|0|0|0|0|0|0|0|MR_TOP|0|MR_TOP|0|0|0|0|MR_TOP|0|0|0|0|0|0|0|0|0|0|0|0|0|0|0|0|0|0|0|0|0|0|0|0|0|0|0|0|0|0|0|0|0|0|0|0|0|0|0|0|0|0|0|0|0|0|1|0|0|0|0|0|0|0|0|0|0|0
Element|0|1134808261|Box 106|0|Box|-9,5|1,5|-8|1|4|1|0|0|0|-1|0|-0,5|209|49|0|0|0|0|0|0|0|0|0|0|0|0|0|0|0|0|0|0|0|0|0|0|0|0|MR_TOP|0|MR_TOP|0|0|0|0|MR_TOP|0|0|0|0|0|0|0|0|0|0|0|0|0|0|0|0|0|0|0|0|0|0|0|0|0|0|0|0|0|0|0|0|0|0|0|0|0|0|0|0|0|0|0|0|0|0|1|0|0|0|0|0|0|0|0|0|0|0
Element|0|2014060618|Box 107|0|Box|-9,5|1,5|5|1|1|3|0|0|0|-1|0|-0,5|201|81|0|0|0|0|0|0|0|0|0|0|0|0|0|0|0|0|0|0|0|0|0|0|0|0|MR_TOP|0|MR_TOP|0|0|0|0|MR_TOP|0|0|0|0|0|0|0|0|0|0|0|0|0|0|0|0|0|0|0|0|0|0|0|0|0|0|0|0|0|0|0|0|0|0|0|0|0|0|0|0|0|0|0|0|0|0|1|0|0|0|0|0|0|0|0|0|0|0
Element|0|295538058|Box 108|0|Box|-9,5|1,5|-7|1|1|3|0|0|0|-1|0|-0,5|57|105|0|0|0|0|0|0|0|0|0|0|0|0|0|0|0|0|0|0|0|0|0|0|0|0|MR_TOP|0|MR_TOP|0|0|0|0|MR_TOP|0|0|0|0|0|0|0|0|0|0|0|0|0|0|0|0|0|0|0|0|0|0|0|0|0|0|0|0|0|0|0|0|0|0|0|0|0|0|0|0|0|0|0|0|0|0|1|0|0|0|0|0|0|0|0|0|0|0
Element|0|703744502|Box 109|0|Box|-6|-8,5|3,5|13|1|1|0|0|0|0|0|0|65|121|0|0|0|0|0|0|0|0|0|0|0|0|0|0|0|0|0|0|0|0|0|0|0|0|MR_TOP|0|MR_TOP|0|0|0|0|MR_TOP|0|0|0|0|0|0|0|0|0|0|0|0|0|0|0|0|0|0|0|0|0|0|0|0|0|0|0|0|0|0|0|0|0|0|0|0|0|0|0|0|0|0|0|0|0|0|1|0|0|0|0|0|0|0|0|0|0|0
Element|0|66358015|Box 110|0|Box|-8|-8,5|3|2|2|1|45|0|0|0|0|0|209|57|0|0|0|0|0|0|0|0|0|0|0|0|0|0|0|0|0|0|0|0|0|0|0|0|MR_TOP|0|MR_TOP|0|0|0|0|MR_TOP|0|0|0|0|0|0|0|0|0|0|0|0|0|0|0|0|0|0|0|0|0|0|0|0|0|0|0|0|0|0|0|0|0|0|0|0|0|0|0|0|0|0|0|0|0|0|1|0|0|0|0|0|0|0|0|0|0|0
Element|0|1393747569|Box 111|0|Box|-26,5|5|-1,5|1|3|3|0|0|0|0|0|0|59|38|0|0|0|0|0|0|0|0|0|0|0|0|0|0|0|0|0|0|0|0|0|0|0|0|MR_TOP|0|MR_TOP|0|0|0|0|MR_TOP|0|0|0|0|0|0|0|0|0|0|0|0|0|0|0|0|0|0|0|0|0|0|0|0|0|0|0|0|0|0|0|0|0|0|0|0|0|0|0|0|0|0|0|0|0|0|1|0|0|0|0|0|0|0|0|0|0|0
TypeSpecific1|0|0|0|True|0|0|0|0|0
TypeSpecific2|0|0|0|0|0|0|0|0|0|0|0|0
TypeSpecific3|0|0|0|0|0|0|0|0
TypeSpecific4|0|0|0|0|0|0|0|0
TypeSpecific5|False|0|0|0|0|0|0|0|0|0|0|0|0|0|0|0|0|0|0|0,25|NONE|DEFAULT|False|False|False|0,25|0,25|0,25|0,25|1|1|0|0|1|0,25|0|0|0|0|0|0|45|15|0|0|0|False|0|0|0|0|0|0|0|0|0|0|0|0|0|0|0|0|0|0|0|0|0
TypeSpecific6|0|0|0|0|0|0|0|0
TypeSpecific7|False|0|0|0|5|-2|0|-5|-2|0|2|-12|0|-2|-12|0|0|-12|0|0|-12|0|0|0|0|0|0
TypeSpecific8|False|0|0|0|0|0|0|0|0|0|0|0|0|0|0|0|0|0|0|0|0|0|0|0|0|0|0
